0.000000000000000000e+00
1.379310344827586121e+01
2.758620689655172242e+01
4.137931034482758719e+01
5.517241379310344485e+01
6.896551724137930250e+01
8.275862068965517437e+01
9.655172413793103203e+01
1.103448275862068897e+02
1.241379310344827474e+02
1.379310344827586050e+02
1.517241379310344769e+02
1.655172413793103487e+02
1.793103448275861922e+02
1.931034482758620641e+02
2.068965517241379075e+02
2.206896551724137794e+02
2.344827586206896513e+02
2.482758620689654947e+02
2.620689655172413381e+02
2.758620689655172100e+02
2.896551724137930819e+02
3.034482758620689538e+02
3.172413793103448256e+02
3.310344827586206975e+02
3.448275862068965125e+02
3.586206896551723844e+02
3.724137931034482563e+02
3.862068965517241281e+02
4.000000000000000000e+02
