7.402341805686313712e-06
8.051729398100442486e-06
7.957855821089568875e-06
8.283143115818250091e-06
8.990722319094106548e-06
1.084465027719804695e-05
1.252904543609093649e-05
1.570015618522835736e-05
1.872685193646727117e-05
2.857802319492305318e-05
3.983786066556578511e-05
5.908942530047040854e-05
7.333547056933587287e-05
6.825958812101110451e-05
5.216732135142874722e-05
3.496090251865510392e-05
2.382392209182029346e-05
1.828914388122716427e-05
1.384316382416643259e-05
1.197332850488929507e-05
9.570948815972648641e-06
8.736679585727770379e-06
8.002498218669517002e-06
8.058352796940473469e-06
7.189277335329546195e-06
7.276294057785442688e-06
7.521787411617482673e-06
7.851897543816035175e-06
8.478587087284693573e-06
9.565998962143920872e-06
