3.311323615149166220e-04
3.521429079107878416e-04
3.620995772347262217e-04
3.677680786475742182e-04
4.080801616519692723e-04
4.506603390163582516e-04
5.373322904147823488e-04
6.743906935407925846e-04
7.616718774665702215e-04
1.132819986614759912e-03
1.489725098748862940e-03
2.200853815433152436e-03
2.744181653785114638e-03
2.586159367863474258e-03
1.933239325026045365e-03
1.348680413404683637e-03
9.635711126418862503e-04
7.249964682820568985e-04
5.942031174770740377e-04
4.961509478426198196e-04
4.283523316478544236e-04
3.779252665484776640e-04
3.570415537677745278e-04
3.455533278242818433e-04
3.354613320615231408e-04
3.265096678813881616e-04
3.372189185406816898e-04
3.510753950504598561e-04
3.735649783345112258e-04
4.260963460831919381e-04
