3.733119908229871648e-04
3.775501370169359258e-04
3.906707702741915155e-04
4.142320592905058283e-04
4.512469675926563165e-04
5.069752015464895709e-04
5.904500841381974535e-04
7.173673681282024053e-04
9.153354424544330945e-04
1.231681830117163472e-03
1.733506424115402629e-03
2.434517718632344795e-03
3.016209484292073622e-03
2.872174638934453864e-03
2.178758933402688731e-03
1.533738559746090392e-03
1.102108648238011961e-03
8.325322351933830837e-04
6.625318861152335471e-04
5.523486269328467058e-04
4.792004689979391645e-04
4.301079884680551225e-04
3.975631496110916649e-04
3.771979447576940744e-04
3.665592237796218116e-04
3.644828551534708876e-04
3.708165809551834235e-04
3.863856882695788572e-04
4.131886770585905502e-04
4.548967980190299701e-04
